// Generated using In-game Timecyc Editor written by fastman92
// You can find this script on gtaforums.com

//////////// EXTRASUNNY_LA
//Amb			Amb_Obj	Dir			Sky top			Sky bot		SunCore		SunCorona	SunSz	SprSz	SprBght	Shdw	LightShd	PoleShd	FarClp	FogSt	LightOnGround	LowCloudsRGB	BottomCloudRGB	WaterRGBA			Alpha1	RGB1			Alpha2	RGB2		CloudAlpha		Illumination
//Midnight
13 13 13	137 137 137	255 255 255	0 0 2	1 1 4	255 135 6	255 0 0	1 1 0.6 200 100 0 1650 400 1.2	43 43 43	31 42 55	25 36 43 250	127 70 70 70	127 0 0 0	180 80 0 0
//5AM
68 68 68	90 102 120	255 255 255	5 10 18	15 23 35	255 128 0	255 0 0	2.5 0.8 0.7 200 100 0 1600 400 1.5	0 0 0	58 76 99	53 62 68 250	15 70 70 70	15 0 0 0	220 80 0 0
//6AM
42 42 42	188 188 188	255 255 255	81 110 149	200 144 85	255 128 0	0 0 0	0 0.7 0.5 200 100 0 1600 400 1.4	100 34 25	204 163 127	160 160 160 252	50 47 58 70	40 0 0 0	255 80 0 0
//7AM
55 55 55	182 169 161	255 255 255	94 128 153	218 188 143	255 150 13	55 128 0	8.4 1 0.5 140 50 75 1600 400 0.3	120 40 40	169 200 211	145 170 170 240	40 173 106 60	40 78 92 99	225 80 0 1
//Midday
115 102 85	154 137 123	255 255 255	113 140 205	140 181 237	255 208 147	255 128 64	3.1 1 0.5 200 40 30 1950 400 0.3	49 37 25	192 212 219	44 215 215 240	75 128 102 65	75 82 89 89	255 80 0 1
//7PM
65 56 54	168 147 134	255 255 255	77 134 178	218 199 187	255 133 12	153 69 0	4.4 1 0.6 170 50 75 1650 40 0.3	120 40 40	191 199 229	145 170 170 240	35 133 106 60	30 129 110 2	225 80 0 1
//8PM
7 7 7	204 178 160	255 255 255	28 62 88	139 111 82	255 150 13	128 72 0	5.4 1 0.3 150 50 75 1600 40 0.5	120 40 40	145 140 124	145 170 170 240	20 173 106 70	20 184 172 126	255 80 0 0
//10PM
30 30 30	143 131 123	255 255 255	5 8 15	9 24 45	255 135 6	5 0 0	1 0.4 0.4 200 100 0 1810 40 0.8	0 0 0	41 62 87	19 40 56 250	52 70 70 70	52 0 0 0	120 80 0 0
//
//////////// SUNNY_LA
//Amb			Amb_Obj	Dir			Sky top			Sky bot		SunCore		SunCorona	SunSz	SprSz	SprBght	Shdw	LightShd	PoleShd	FarClp	FogSt	LightOnGround	LowCloudsRGB	BottomCloudRGB	WaterRGBA			Alpha1	RGB1			Alpha2	RGB2		CloudAlpha		Illumination
//Midnight
15 15 15	76 69 65	255 255 255	0 1 2	1 2 5	255 135 6	5 0 0	1 0.9 0.7 200 100 0 1760 400 1.5	0 0 0	12 19 28	5 19 27 255	127 70 70 70	127 0 0 0	150 80 0 0
//5AM
34 34 34	125 125 125	255 255 255	5 12 27	12 17 22	255 128 0	255 0 0	3.5 1 0.7 200 100 0 1600 400 1.5	14 18 30	30 49 61	36 55 68 240	30 70 70 70	30 0 0 0	255 80 0 0
//6AM
42 42 42	188 188 188	255 255 255	68 130 173	186 134 83	255 128 0	64 0 0	2 0.8 0.4 200 100 0 1600 400 1.5	68 42 26	178 113 82	78 100 111 255	50 161 106 60	50 0 0 0	255 80 0 0
//7AM
51 51 51	182 182 182	255 255 255	77 135 193	158 197 237	255 173 81	255 130 46	6.4 2.5 0.4 100 50 75 1600 400 0.3	17 27 28	224 224 224	108 229 255 234	40 255 128 0	40 89 132 155	255 80 0 1
//Midday
104 99 91	181 173 170	255 255 255	84 125 193	162 181 224	255 203 91	128 53 0	3.8 1 0.6 190 0 75 1810 400 0.1	9 24 32	191 213 231	30 177 191 231	75 155 103 51	75 43 81 81	255 80 0 1
//7PM
42 42 42	188 182 174	255 255 255	80 124 164	198 149 109	255 150 13	128 81 0	4.4 1 0.4 150 50 75 1800 400 0.5	101 50 41	226 188 172	145 170 170 240	25 255 128 0	25 102 134 157	255 80 0 0
//8PM
10 10 10	180 167 158	255 255 255	44 68 90	136 107 81	255 150 13	155 0 0	2 1 0.7 151 60 75 1600 130 0.7	17 17 17	131 141 145	62 115 124 240	10 173 106 70	10 75 75 55	255 80 0 0
//10PM
14 14 14	145 145 145	255 255 255	1 5 9	1 4 7	255 135 6	5 0 0	1 1 0.7 200 100 0 1750 110 0.8	0 0 0	59 63 91	13 24 33 240	127 70 70 70	127 0 0 0	70 80 0 0
//
//////////// EXTRASUNNY_SMOG_LA
//Amb			Amb_Obj	Dir			Sky top			Sky bot		SunCore		SunCorona	SunSz	SprSz	SprBght	Shdw	LightShd	PoleShd	FarClp	FogSt	LightOnGround	LowCloudsRGB	BottomCloudRGB	WaterRGBA			Alpha1	RGB1			Alpha2	RGB2		CloudAlpha		Illumination
//Midnight
12 12 12	143 131 123	255 255 255	5 12 15	9 11 14	255 135 6	255 0 0	1 0.9 0.6 200 100 0 1600 1000 1.2	0 0 0	49 83 140	38 45 55 240	127 70 70 70	127 0 0 0	100 80 0 0
//5AM
68 68 68	163 163 163	255 255 255	54 87 112	135 126 92	255 128 0	255 0 0	2 0.8 0.6 200 100 0 1600 500 1.5	0 0 0	210 224 232	53 62 68 240	20 70 70 70	20 0 0 0	225 80 0 0
//6AM
42 42 42	188 188 188	255 255 255	184 172 126	200 144 85	255 128 0	255 255 0	0 0.7 0.6 200 100 0 1600 200 1.5	100 34 25	221 218 162	185 160 160 240	25 161 106 60	25 0 0 0	255 80 0 1
//7AM
80 80 80	182 150 129	255 255 255	125 171 201	179 213 226	255 150 13	128 102 0	8.4 1 0.6 120 50 75 1700 40 0.3	120 40 40	190 214 222	145 170 170 240	20 173 106 60	10 78 92 99	225 80 0 1
//Midday
51 51 51	172 178 185	255 255 255	92 132 171	127 168 184	255 128 64	128 0 0	4.5 1 0.6 100 0 0 1600 40 0.1	44 34 23	174 203 215	90 170 170 240	75 203 118 60	75 72 83 94	255 80 0 1
//7PM
55 55 55	174 151 134	255 255 255	108 144 171	167 191 201	255 150 13	55 128 0	4.4 1 0.6 100 50 75 1600 40 0.3	120 40 40	167 191 201	145 170 170 240	20 133 106 60	30 129 110 2	225 80 0 1
//8PM
8 8 8	182 138 109	255 255 255	128 173 200	223 164 138	255 150 13	55 128 0	5.4 1 0.5 100 50 75 1600 40 0.5	120 40 40	210 224 232	145 170 170 240	10 173 106 70	10 181 150 130	255 80 0 1
//10PM
30 30 30	143 131 123	255 255 255	5 12 15	7 19 29	255 135 6	5 0 0	1 0.4 0.4 200 100 0 1800 40 0.8	0 0 0	72 102 138	35 49 53 240	127 70 70 70	127 0 0 0	120 0 0 0
//
//////////// SUNNY_SMOG_LA
//Amb			Amb_Obj	Dir			Sky top			Sky bot		SunCore		SunCorona	SunSz	SprSz	SprBght	Shdw	LightShd	PoleShd	FarClp	FogSt	LightOnGround	LowCloudsRGB	BottomCloudRGB	WaterRGBA			Alpha1	RGB1			Alpha2	RGB2		CloudAlpha		Illumination
//Midnight
36 36 36	143 131 123	255 255 255	1 7 15	12 12 14	255 135 6	5 0 0	1 0.9 0.6 200 100 0 1600 155 1.2	12 18 22	93 106 125	38 38 55 240	127 70 70 70	127 0 0 0	100 80 0 1
//5AM
52 52 52	173 173 173	255 255 255	67 97 121	133 127 105	255 128 0	255 0 0	1 0.7 0.6 200 100 0 1600 155 1.5	0 0 0	210 224 232	53 62 68 240	25 70 70 70	25 0 0 0	225 80 0 0
//6AM
42 42 42	233 233 233	255 255 255	96 137 170	127 217 255	255 128 0	255 128 0	2 0.9 0.8 200 100 0 1600 400 0.5	0 0 0	167 191 201	185 160 160 240	25 161 106 60	25 0 0 0	255 80 0 0
//7AM
55 55 55	182 138 109	255 255 255	119 161 176	218 188 143	255 150 13	55 128 0	4.4 1 0.6 100 50 75 1600 400 0.3	0 0 0	197 217 224	145 170 170 240	10 173 106 60	10 78 92 99	225 80 0 1
//Midday
60 60 60	180 209 237	255 255 255	87 129 196	128 171 219	223 223 0	128 0 0	4.1 1 0.6 100 0 0 1600 320 0.1	22 22 22	145 155 159	90 170 170 240	75 203 118 60	75 72 83 94	255 80 0 1
//7PM
55 55 55	174 151 134	255 255 255	62 128 149	167 191 201	255 150 13	55 128 0	4.4 1 0.7 100 50 75 1600 40 0.5	43 43 43	229 215 166	145 170 170 240	15 133 106 60	15 78 92 99	225 80 0 1
//8PM
42 42 42	163 151 143	255 255 255	115 143 165	149 119 107	255 150 13	155 0 0	2 0.4 0.4 100 60 0 1600 40 0.7	51 51 51	167 191 201	67 67 67 240	10 173 106 70	10 75 75 55	225 80 0 1
//10PM
32 32 32	143 131 123	255 255 255	5 12 15	8 10 14	255 135 6	5 0 0	1 0.4 0.4 200 100 0 1600 40 0.8	16 16 16	134 155 181	46 54 71 240	80 70 70 70	80 0 0 0	120 0 0 1
//
//////////// CLOUDY_LA
//Amb			Amb_Obj	Dir			Sky top			Sky bot		SunCore		SunCorona	SunSz	SprSz	SprBght	Shdw	LightShd	PoleShd	FarClp	FogSt	LightOnGround	LowCloudsRGB	BottomCloudRGB	WaterRGBA			Alpha1	RGB1			Alpha2	RGB2		CloudAlpha		Illumination
//Midnight
12 12 12	176 176 176	255 255 255	4 6 11	11 13 15	0 0 0	0 0 0	1 0.8 0.6 200 100 0 2800 79 1.5	30 20 0	6 16 21	59 68 77 240	32 124 124 124	32 16 48 10	30 80 0 0
//5AM
42 42 42	135 173 197	255 255 255	24 30 50	20 20 20	0 0 0	0 0 0	0 1 0.6 200 100 0 2800 65514 1.3	70 27 10	145 182 213	59 68 77 240	50 124 124 124	50 0 48 20	20 80 0 1
//6AM
54 47 45	227 227 227	255 255 255	49 61 84	109 85 71	0 0 0	0 0 0	3.4 0.9 0.4 200 100 0 2800 360 0.9	100 34 25	145 182 213	62 72 77 240	30 124 124 124	20 0 48 20	80 80 0 0
//7AM
35 31 30	145 145 145	255 255 255	63 79 107	168 138 122	0 0 0	0 0 0	2.5 2 0.4 80 80 20 2800 65514 0.5	66 135 176	145 182 213	107 117 122 250	50 228 210 177	50 78 92 99	255 80 0 0
//Midday
78 59 48	193 193 193	255 255 255	104 133 172	172 179 188	0 0 0	0 0 0	1 1.5 0.4 100 0 120 1365 65514 0.7	249 248 255	118 153 179	130 130 129 240	75 78 92 99	75 78 92 99	250 80 0 1
//7PM
70 61 57	226 226 226	255 255 255	97 126 150	148 128 115	0 0 0	0 0 0	3.5 1 0.5 80 50 0 2800 65514 0.9	120 40 40	83 107 128	116 135 144 240	10 124 124 124	15 63 74 103	200 80 0 0
//8PM
7 7 7	194 194 194	255 255 255	24 48 76	92 111 130	0 0 0	0 0 0	2 1 1 80 80 0 2800 65514 1	120 40 40	87 112 138	132 176 189 240	20 83 101 108	20 49 63 77	200 0 0 0
//10PM
22 22 22	190 190 190	255 255 255	11 17 25	19 21 22	0 0 0	0 0 0	1 0.5 0.8 200 100 0 2800 111 1	70 27 10	41 83 105	80 88 94 240	50 87 112 138	50 0 48 20	40 80 0 0
//
//////////// SUNNY_SF
//Amb			Amb_Obj	Dir			Sky top			Sky bot		SunCore		SunCorona	SunSz	SprSz	SprBght	Shdw	LightShd	PoleShd	FarClp	FogSt	LightOnGround	LowCloudsRGB	BottomCloudRGB	WaterRGBA			Alpha1	RGB1			Alpha2	RGB2		CloudAlpha		Illumination
//Midnight
22 22 22	112 102 96	255 255 255	0 1 2	2 4 7	255 135 6	5 0 0	1 0.9 0.7 200 100 0 1600 400 1.5	0 0 0	60 71 82	22 28 36 255	127 70 70 70	127 0 0 0	100 80 0 0
//5AM
42 42 42	138 138 138	255 255 255	8 14 26	15 24 31	255 128 0	255 255 23	3 0.9 0.7 200 100 0 1600 400 1.5	19 25 30	48 67 86	34 42 57 240	100 70 70 70	100 0 0 0	255 80 0 0
//6AM
42 37 36	147 128 119	255 255 255	55 77 109	179 143 107	255 128 0	255 128 0	4 1.9 0.4 200 100 0 1600 400 0.5	63 52 45	98 123 144	90 71 69 240	50 161 106 60	40 0 0 0	255 80 0 1
//7AM
55 55 55	232 208 193	255 255 255	91 131 167	170 217 219	255 150 13	55 128 0	5.4 1 0.5 130 50 75 1600 400 0.3	56 56 56	157 193 216	116 151 157 240	40 173 106 60	40 47 58 70	255 80 0 1
//Midday
48 79 91	190 190 190	255 255 255	79 123 172	123 161 191	255 255 0	71 42 20	4.1 0.6 0.7 150 5 75 1680 400 0.1	18 23 27	164 187 204	72 145 177 240	75 203 118 60	75 134 133 121	255 80 0 1
//7PM
93 93 93	230 199 177	255 255 255	119 153 188	224 211 192	255 150 13	99 62 0	4.4 1 0.3 150 50 75 1600 400 0.5	68 68 68	208 217 221	145 170 170 240	22 133 106 60	22 75 98 120	255 80 0 1
//8PM
42 42 42	163 151 143	255 255 255	80 107 134	211 146 106	255 150 13	155 0 0	2 0.4 0.4 150 60 0 1600 200 0.7	63 37 24	208 217 221	67 45 42 240	20 173 106 70	30 75 75 55	255 0 0 1
//10PM
32 32 32	143 131 123	255 255 255	3 7 15	18 21 31	255 135 6	5 0 0	1 0.9 0.6 200 100 0 1630 166 0.8	0 0 0	106 136 168	35 36 48 240	127 70 70 70	127 0 0 0	55 80 0 1
//
//////////// EXTRASUNNY_SF
//Amb			Amb_Obj	Dir			Sky top			Sky bot		SunCore		SunCorona	SunSz	SprSz	SprBght	Shdw	LightShd	PoleShd	FarClp	FogSt	LightOnGround	LowCloudsRGB	BottomCloudRGB	WaterRGBA			Alpha1	RGB1			Alpha2	RGB2		CloudAlpha		Illumination
//Midnight
27 27 27	143 131 123	255 255 255	2 3 6	3 6 12	255 135 6	255 0 0	1 0.9 0.6 200 100 0 1600 400 1.2	0 0 0	43 63 113	30 35 55 240	22 70 70 70	42 0 0 0	100 80 0 0
//5AM
47 47 47	160 160 160	255 255 255	17 20 32	74 102 117	255 128 0	255 0 0	1 0.8 0.5 200 100 0 1600 400 0.7	0 0 0	50 79 95	53 62 68 240	40 70 70 70	40 0 0 0	250 80 0 0
//6AM
42 42 42	188 188 188	255 255 255	87 114 155	234 181 153	255 128 0	255 255 0	4 0 0.4 200 100 0 1600 400 0.6	100 34 25	206 160 153	97 104 127 240	65 161 106 60	65 0 0 0	250 80 0 1
//7AM
65 65 65	225 170 134	255 255 255	132 161 196	207 223 224	255 255 0	255 255 0	4.4 1 0.8 136 50 75 1630 400 0.3	120 40 40	162 193 206	145 170 170 240	25 173 106 60	25 78 92 99	250 80 0 1
//Midday
75 75 75	185 185 185	255 255 255	92 125 174	139 173 215	255 255 0	255 255 0	3.1 1 0.6 150 0 20 1645 400 0.1	94 73 49	141 169 210	90 146 170 240	85 149 118 60	85 72 95 100	255 80 0 1
//7PM
55 55 55	247 214 190	255 255 255	151 184 226	235 200 163	255 150 13	138 126 58	4.4 1 0.3 140 50 75 1600 400 0.3	120 40 40	173 212 225	145 170 170 240	30 133 106 60	30 78 92 99	255 80 0 1
//8PM
55 55 55	207 184 169	255 255 255	92 133 170	200 166 130	255 150 13	55 128 0	8.4 1 0.3 100 50 75 1600 400 0.5	120 40 40	224 205 188	198 177 157 240	20 173 106 70	10 129 110 2	255 80 0 1
//10PM
30 30 30	143 131 123	255 255 255	5 9 15	14 23 39	255 135 6	5 0 0	1 0.4 0.4 200 100 0 1700 400 0.8	0 0 0	52 67 101	35 39 53 240	127 70 70 70	127 0 0 0	255 0 0 1
//
//////////// CLOUDY_SF
//Amb			Amb_Obj	Dir			Sky top			Sky bot		SunCore		SunCorona	SunSz	SprSz	SprBght	Shdw	LightShd	PoleShd	FarClp	FogSt	LightOnGround	LowCloudsRGB	BottomCloudRGB	WaterRGBA			Alpha1	RGB1			Alpha2	RGB2		CloudAlpha		Illumination
//Midnight
27 27 27	109 109 109	255 255 255	4 7 15	9 12 17	0 0 0	0 0 0	1 1 0.6 200 100 0 4600 65514 1.3	30 20 0	23 32 55	38 44 59 240	80 124 124 124	80 16 48 10	155 0 0 0
//5AM
42 42 42	164 184 197	255 255 255	30 41 73	90 135 159	0 0 0	0 0 0	0 1 0.6 200 100 0 4600 65514 1	70 27 10	103 132 146	59 68 77 240	45 124 124 124	45 0 48 20	155 80 0 1
//6AM
32 32 32	191 201 207	255 255 255	92 136 188	216 187 138	0 0 0	0 0 0	3 1.9 0.6 200 100 0 4600 65514 0.9	100 34 25	158 186 197	62 72 77 240	20 124 124 124	20 0 48 20	155 80 0 1
//7AM
85 85 85	181 184 186	255 255 255	100 150 196	198 229 255	0 0 0	0 0 0	2.5 0.9 0.4 80 80 0 4600 65514 0.8	120 40 40	86 124 156	107 117 122 240	20 124 124 124	20 0 48 20	155 80 0 1
//Midday
59 59 59	186 186 186	255 255 255	108 154 194	170 197 218	0 0 0	0 0 0	1 1 0.1 80 50 120 4600 65514 0.7	120 100 100	168 168 168	141 141 140 240	80 90 102 120	80 30 38 30	200 80 0 1
//7PM
75 75 75	183 230 255	255 255 255	118 154 198	183 222 235	0 0 0	0 0 0	3.5 1 0.5 80 50 0 4300 65514 0.9	120 40 40	116 153 165	116 135 144 240	20 124 124 124	20 10 46 22	30 80 0 1
//8PM
42 42 42	175 201 221	255 255 255	41 69 104	229 179 146	0 0 0	0 0 0	2 1 1 80 80 0 4600 65514 1.5	120 40 40	59 77 84	132 176 189 240	20 124 124 124	25 0 48 20	55 80 0 1
//10PM
35 35 35	207 215 223	255 255 255	13 17 34	41 48 61	0 0 0	0 0 0	1 1 1 200 100 0 4600 65514 1.2	70 27 10	21 28 32	61 76 96 240	50 124 124 124	50 0 48 20	85 80 0 1
//
//////////// RAINY_SF
//Amb			Amb_Obj	Dir			Sky top			Sky bot		SunCore		SunCorona	SunSz	SprSz	SprBght	Shdw	LightShd	PoleShd	FarClp	FogSt	LightOnGround	LowCloudsRGB	BottomCloudRGB	WaterRGBA			Alpha1	RGB1			Alpha2	RGB2		CloudAlpha		Illumination
//Midnight
24 24 24	148 170 184	255 255 255	6 7 15	17 23 30	0 0 0	0 0 0	1 1 0.5 200 100 0 1000 5 1.3	30 20 0	68 85 123	59 68 77 240	100 124 124 124	100 16 48 10	30 80 0 1
//5AM
42 42 42	135 173 197	255 255 255	10 14 22	38 52 80	0 0 0	0 0 0	0 1.4 0.6 200 100 0 2600 5 1.7	70 27 10	65 89 131	59 68 77 240	100 124 124 124	100 0 48 20	200 80 0 1
//6AM
42 42 42	135 173 197	255 255 255	66 86 115	134 134 134	0 0 0	0 0 0	3.4 0.9 0.4 200 100 0 2600 5 0.9	100 34 25	145 182 213	62 72 77 240	30 124 124 124	30 0 48 20	155 80 0 1
//7AM
55 55 55	135 173 197	255 255 255	93 125 153	200 200 200	0 0 0	0 0 0	2.5 0.7 0.4 80 80 0 2600 5 0.8	120 40 40	145 182 213	107 117 122 240	20 124 124 124	20 0 48 20	155 0 0 1
//Midday
64 64 64	145 182 213	255 255 255	97 125 150	145 166 185	0 0 0	0 0 0	1 0.5 0.1 80 50 120 2600 50 1.7	120 100 100	85 107 126	141 141 140 240	100 124 124 124	100 30 38 30	255 80 0 1
//7PM
55 55 55	137 177 197	255 255 255	66 137 177	189 189 189	0 0 0	0 0 0	3.5 1.3 0.7 80 100 0 2400 5 0.9	117 39 39	103 128 151	116 135 144 240	10 124 124 124	10 10 46 22	255 80 0 1
//8PM
42 42 42	167 198 223	255 255 255	19 25 35	25 52 74	0 0 0	0 0 0	2 1.5 0.6 80 80 0 2600 5 1	120 40 40	55 106 157	132 176 189 240	20 124 124 124	20 0 48 20	100 80 0 1
//10PM
35 35 35	167 198 223	255 255 255	25 32 39	16 33 47	0 0 0	0 0 0	1 1 1 200 100 0 1000 5 1	70 27 10	87 112 138	161 176 189 240	30 124 124 124	20 0 48 20	155 100 0 1
//
//////////// FOGGY_SF
//Amb			Amb_Obj	Dir			Sky top			Sky bot		SunCore		SunCorona	SunSz	SprSz	SprBght	Shdw	LightShd	PoleShd	FarClp	FogSt	LightOnGround	LowCloudsRGB	BottomCloudRGB	WaterRGBA			Alpha1	RGB1			Alpha2	RGB2		CloudAlpha		Illumination
//Midnight
40 40 40	135 173 197	255 255 255	10 10 10	20 20 20	0 0 0	0 0 0	1 0.8 0.8 200 100 0 1000 5 1.2	30 20 0	54 83 92	59 68 77 240	22 124 124 124	22 74 74 74	80 80 0 1
//5AM
42 42 42	74 74 74	255 255 255	83 107 128	20 20 20	0 0 0	0 0 0	0 0.6 0.7 200 100 0 1000 5 1	70 27 10	145 182 213	59 68 77 240	60 124 124 124	60 74 74 74	225 80 0 1
//6AM
74 74 74	135 173 197	255 255 255	117 174 217	74 74 74	0 0 0	0 0 0	3.4 0.9 0.4 200 100 0 1000 5 0.9	100 34 25	145 182 213	62 72 77 240	20 124 124 124	25 74 74 74	155 80 0 1
//7AM
55 55 55	135 173 197	255 255 255	83 107 128	50 50 50	0 0 0	0 0 0	2.5 0.7 0.4 80 80 0 1000 5 0.8	120 40 40	145 182 213	107 117 122 240	10 124 124 124	30 0 48 20	55 80 0 1
//Midday
64 64 64	86 88 92	255 255 255	89 104 128	179 200 217	0 0 0	0 0 0	1 0.9 0.8 80 50 120 1000 5 0.7	120 100 100	86 124 146	141 141 140 240	50 124 124 124	50 86 88 92	225 80 0 1
//7PM
55 55 55	135 173 193	255 255 255	55 106 157	83 107 128	0 0 0	0 0 0	3.5 1 0.5 80 50 0 1000 5 0.9	120 40 40	145 182 213	116 135 144 240	72 124 124 124	22 10 46 22	60 80 0 1
//8PM
42 42 42	180 190 190	255 255 255	40 40 40	83 107 128	0 0 0	0 0 0	2 1 1 80 80 0 1000 5 1	120 40 40	125 170 170	132 176 189 240	20 124 124 124	20 0 48 20	105 80 0 1
//10PM
35 35 35	167 198 223	255 255 255	40 40 40	50 50 50	0 0 0	0 0 0	1 1 1 200 100 0 1000 5 1	70 27 10	83 107 128	161 176 189 240	40 124 124 124	40 0 48 20	50 80 0 1
//
//////////// SUNNY_VEGAS
//Amb			Amb_Obj	Dir			Sky top			Sky bot		SunCore		SunCorona	SunSz	SprSz	SprBght	Shdw	LightShd	PoleShd	FarClp	FogSt	LightOnGround	LowCloudsRGB	BottomCloudRGB	WaterRGBA			Alpha1	RGB1			Alpha2	RGB2		CloudAlpha		Illumination
//Midnight
25 25 25	143 131 123	255 255 255	0 0 0	2 3 8	255 135 6	5 0 0	1 1.9 0.4 211 100 0 1600 400 1.3	0 0 0	87 95 130	38 38 55 240	127 70 70 70	127 0 0 0	55 80 0 0
//5AM
52 52 52	138 138 138	255 255 255	9 21 35	47 63 76	255 128 0	255 174 0	3.5 0.7 0.7 200 100 0 1600 400 0.5	33 26 21	64 89 137	53 62 68 240	40 70 70 70	40 0 0 0	255 80 0 1
//6AM
42 42 42	188 188 188	255 255 255	115 146 177	221 173 117	255 128 0	255 128 0	1 0.8 0.7 200 100 0 1600 400 0.5	109 62 33	97 127 180	87 115 127 240	30 161 106 60	30 47 115 166	255 80 0 1
//7AM
55 55 55	182 138 109	255 255 255	144 179 252	253 213 173	255 150 13	55 128 0	6.4 1 0.4 100 50 75 1600 400 0.3	120 40 40	255 255 255	145 170 170 240	20 173 106 60	20 209 157 80	255 80 0 1
//Midday
25 28 33	194 221 255	255 255 255	99 121 173	124 157 197	255 255 0	255 158 0	4.1 0.8 0.6 180 80 0 1700 400 0.1	8 14 22	200 207 214	86 170 170 240	75 203 153 107	75 200 173 91	220 80 0 1
//7PM
62 62 62	226 196 174	255 255 255	137 168 216	221 196 173	255 150 13	255 154 0	4.4 1 0.6 180 50 75 1600 400 0.5	63 46 40	210 224 232	145 170 170 240	10 198 208 157	10 129 110 2	255 80 0 1
//8PM
17 17 17	190 176 167	255 255 255	54 93 135	154 126 95	255 150 13	255 139 0	1 0.8 0.6 100 60 0 1700 400 0.7	71 41 28	145 182 213	169 208 234 240	40 173 106 70	40 75 75 55	255 80 0 0
//10PM
19 19 19	239 219 205	255 255 255	6 9 14	11 21 29	255 135 6	5 0 0	1 0.6 0.6 200 100 0 1600 400 0.8	5 5 5	145 182 213	51 58 76 240	127 70 70 70	127 83 107 128	55 80 0 1
//
//////////// EXTRASUNNY_VEGAS
//Amb			Amb_Obj	Dir			Sky top			Sky bot		SunCore		SunCorona	SunSz	SprSz	SprBght	Shdw	LightShd	PoleShd	FarClp	FogSt	LightOnGround	LowCloudsRGB	BottomCloudRGB	WaterRGBA			Alpha1	RGB1			Alpha2	RGB2		CloudAlpha		Illumination
//Midnight
20 20 20	193 176 166	255 255 255	0 1 2	3 5 8	255 135 6	255 0 0	1 0.9 0.7 200 100 0 1600 800 1.2	0 0 0	38 71 109	38 38 55 240	12 70 70 70	12 0 0 0	100 80 0 0
//5AM
68 68 68	163 163 163	255 255 255	6 13 26	25 53 69	255 128 0	255 0 0	1 0.8 0.7 200 100 0 1600 600 0.7	0 0 0	111 152 168	53 62 68 240	10 70 70 70	10 0 0 0	225 0 0 0
//6AM
42 42 42	240 240 240	255 255 255	86 130 184	194 151 106	255 128 0	0 0 0	3 0.9 0.4 200 100 0 1600 200 0.6	100 34 25	103 158 255	185 160 160 240	30 161 106 60	30 0 0 0	250 80 0 1
//7AM
55 55 55	182 156 139	255 255 255	126 151 201	218 191 164	255 150 13	96 57 28	4.4 1 0.6 100 50 75 1600 200 0.3	120 40 40	226 203 167	145 170 170 240	10 173 106 60	10 129 110 2	255 80 0 1
//Midday
64 64 64	214 214 214	255 255 255	105 135 181	138 168 203	255 128 64	128 64 64	4.6 1 0.6 200 0 20 1750 400 0.1	44 34 23	145 164 183	90 170 170 240	50 217 139 93	50 229 203 138	255 122 0 1
//7PM
55 55 55	212 184 163	255 255 255	120 148 191	255 207 186	255 150 13	128 103 52	4.4 1 0.6 150 50 75 1700 0 1.3	120 40 40	170 190 255	93 169 220 240	20 133 106 60	20 129 110 2	255 80 0 1
//8PM
3 3 3	204 155 122	255 255 255	47 82 119	149 108 74	255 150 13	117 72 27	8.4 1 0.3 176 50 75 1650 0 0.5	120 40 40	210 224 232	145 170 170 240	20 173 106 70	20 129 110 2	250 80 0 1
//10PM
30 30 30	219 201 188	255 255 255	1 5 7	11 20 31	255 135 6	5 0 0	1 0.4 0.4 200 100 0 1600 600 0.8	0 0 0	36 47 65	42 51 58 240	127 70 70 70	127 0 0 0	225 0 0 0
//
//////////// CLOUDY_VEGAS
//Amb			Amb_Obj	Dir			Sky top			Sky bot		SunCore		SunCorona	SunSz	SprSz	SprBght	Shdw	LightShd	PoleShd	FarClp	FogSt	LightOnGround	LowCloudsRGB	BottomCloudRGB	WaterRGBA			Alpha1	RGB1			Alpha2	RGB2		CloudAlpha		Illumination
//Midnight
12 12 12	171 195 211	255 255 255	3 3 5	1 4 7	0 0 0	0 0 0	1 1 0.5 200 100 0 1000 5 1	30 20 0	54 65 86	39 45 51 240	127 26 51 51	127 16 20 4	25 80 0 0
//5AM
17 17 17	150 193 219	255 255 255	4 8 15	21 41 53	0 0 0	0 0 0	0 1 0.6 200 100 0 2000 5 1	70 27 10	18 28 35	59 68 77 240	100 124 124 124	100 0 48 20	255 0 0 0
//6AM
42 42 42	174 223 255	255 255 255	48 70 112	146 172 185	0 0 0	0 0 0	3.4 0.9 0.4 200 100 0 1000 5 0.9	100 34 25	145 182 213	62 72 77 240	20 124 124 124	20 0 48 20	255 80 0 1
//7AM
60 60 60	155 199 226	255 255 255	97 134 180	172 216 239	0 0 0	0 0 0	2.5 0.7 0.4 80 80 0 1000 5 0.8	120 40 40	145 182 213	107 117 122 240	20 124 124 124	30 0 48 20	255 80 0 1
//Midday
33 33 29	167 167 167	255 255 255	94 119 166	140 163 177	0 0 0	0 0 0	1 0.9 0.5 80 50 120 1600 400 0.7	120 100 100	146 187 221	83 127 141 240	75 124 124 124	75 78 92 99	255 80 0 1
//7PM
55 55 55	189 189 189	255 255 255	83 117 148	191 212 223	0 0 0	0 0 0	3.5 1 0.5 80 50 0 1000 5 0.9	120 40 40	168 216 255	116 135 144 240	30 124 124 124	30 10 46 22	250 10 0 0
//8PM
6 6 6	159 188 212	255 255 255	56 85 126	105 145 165	0 0 0	0 0 0	2 1 1 80 80 0 1000 5 1	120 40 40	213 226 255	132 176 189 240	25 124 124 124	20 0 48 20	155 80 0 1
//10PM
35 35 35	174 189 168	255 255 255	13 17 24	19 25 30	0 0 0	0 0 0	1 1 1 200 100 0 1000 5 1	70 27 10	174 189 168	55 72 76 240	20 124 124 124	20 0 48 20	155 80 0 1
//
//////////// EXTRASUNNY_COUNTRYSIDE
//Amb			Amb_Obj	Dir			Sky top			Sky bot		SunCore		SunCorona	SunSz	SprSz	SprBght	Shdw	LightShd	PoleShd	FarClp	FogSt	LightOnGround	LowCloudsRGB	BottomCloudRGB	WaterRGBA			Alpha1	RGB1			Alpha2	RGB2		CloudAlpha		Illumination
//Midnight
22 22 22	193 177 166	255 255 255	0 1 8	0 2 5	255 135 6	255 0 0	1 0.8 0.5 200 100 0 1690 100 1.2	0 0 0	17 26 34	38 44 55 240	50 70 70 70	50 0 0 0	100 80 0 0
//5AM
27 27 27	155 155 155	255 255 255	3 11 20	40 49 66	255 128 0	255 0 0	1 1.5 0.7 200 100 0 1600 400 0.7	0 0 0	53 68 75	53 62 68 240	50 70 70 70	50 0 0 0	140 80 0 0
//6AM
42 42 42	188 188 188	255 255 255	98 130 178	200 144 85	255 128 0	0 0 0	0 0 0.4 200 100 0 1600 400 1.5	100 34 25	255 221 194	185 160 160 240	45 161 106 60	45 0 0 0	255 80 0 1
//7AM
36 36 36	182 138 109	255 255 255	130 176 209	224 199 160	255 150 13	55 128 0	8.4 1 0.7 100 50 75 1600 400 0.3	120 40 40	255 225 200	145 170 170 240	20 173 106 60	20 78 92 99	255 80 0 1
//Midday
77 77 77	180 180 180	255 255 255	96 135 220	141 172 217	255 220 96	222 122 0	5.1 1 0.5 180 0 0 1700 400 0.1	116 120 122	144 180 190	90 170 170 240	75 203 118 60	75 78 92 99	255 80 0 1
//7PM
55 55 55	174 151 134	255 255 255	94 152 201	220 195 149	255 150 13	168 95 31	4.4 1 0.5 100 50 75 1600 400 1.1	120 40 40	255 239 221	116 152 152 240	15 133 106 60	20 78 92 99	255 80 0 1
//8PM
26 26 26	242 202 177	255 255 255	100 142 201	206 174 119	255 150 13	150 70 0	8.4 1 0.3 170 50 75 1600 200 1.3	120 40 40	219 152 107	145 170 170 240	10 173 106 70	10 129 110 2	255 80 0 0
//10PM
30 30 30	191 175 164	255 255 255	2 10 32	31 41 50	255 135 6	5 0 0	1 0.4 0.4 200 100 0 1600 260 0.8	0 0 0	61 84 104	56 90 102 240	12 70 70 70	12 0 0 0	225 0 0 0
//
//////////// SUNNY_COUNTRYSIDE
//Amb			Amb_Obj	Dir			Sky top			Sky bot		SunCore		SunCorona	SunSz	SprSz	SprBght	Shdw	LightShd	PoleShd	FarClp	FogSt	LightOnGround	LowCloudsRGB	BottomCloudRGB	WaterRGBA			Alpha1	RGB1			Alpha2	RGB2		CloudAlpha		Illumination
//Midnight
20 20 20	155 142 133	255 255 255	0 3 10	0 3 7	255 135 6	5 0 0	1 0.9 0.7 200 100 0 3200 400 1.5	3 5 12	110 138 167	32 41 55 240	127 70 70 70	127 0 0 0	50 80 0 0
//5AM
45 45 45	138 138 138	255 255 255	25 39 57	84 73 50	255 128 0	255 0 0	3 0.8 0.7 200 100 0 1600 400 0.5	48 48 48	223 232 236	53 62 68 240	50 70 70 70	50 0 0 0	225 80 0 1
//6AM
42 42 42	188 188 188	255 255 255	75 116 158	200 144 88	255 128 0	255 128 0	2 0.2 0.7 200 100 0 1600 400 0.5	43 43 43	193 154 123	60 96 102 240	35 161 106 60	35 0 0 0	255 100 0 1
//7AM
55 55 55	182 143 118	255 255 255	133 164 214	255 233 202	255 128 64	255 0 0	3.4 1 0.3 100 50 75 1600 5 0.3	43 43 43	243 233 218	145 170 170 240	10 173 106 60	10 78 92 99	250 80 0 1
//Midday
46 54 58	169 179 179	255 255 255	101 133 179	130 158 176	255 255 0	128 36 0	4.1 0.9 0.7 170 0 0 1600 65 0.1	12 20 30	147 169 178	90 170 170 240	75 203 118 60	75 134 133 121	255 80 0 1
//7PM
55 55 55	174 151 134	255 255 255	110 147 198	239 169 108	255 150 13	148 67 0	4.4 1 0.5 100 50 75 1600 5 0.5	63 54 44	219 190 174	121 170 170 240	10 133 106 60	10 129 110 2	255 80 0 0
//8PM
10 10 10	160 148 140	255 255 255	77 103 131	190 141 95	255 150 13	155 0 0	2 0.4 0.4 100 60 0 1600 40 0.7	51 51 51	255 203 163	73 145 181 240	30 173 106 70	20 75 75 55	225 80 0 0
//10PM
32 32 32	143 131 123	255 255 255	2 9 15	12 35 48	255 135 6	5 0 0	1 0.4 0.4 200 100 0 1600 40 0.8	7 14 25	109 136 163	7 23 38 240	72 70 70 70	72 0 0 0	155 80 0 1
//
//////////// CLOUDY_COUNTRYSIDE
//Amb			Amb_Obj	Dir			Sky top			Sky bot		SunCore		SunCorona	SunSz	SprSz	SprBght	Shdw	LightShd	PoleShd	FarClp	FogSt	LightOnGround	LowCloudsRGB	BottomCloudRGB	WaterRGBA			Alpha1	RGB1			Alpha2	RGB2		CloudAlpha		Illumination
//Midnight
40 40 40	135 173 197	255 255 255	8 14 25	22 28 40	0 0 0	0 0 0	1 1 0.5 200 100 0 1600 65514 1	30 20 0	103 132 146	59 68 77 240	12 124 124 124	22 16 48 10	80 80 0 0
//5AM
29 29 29	186 192 197	255 255 255	6 10 20	41 52 76	0 0 0	0 0 0	0 1 0.6 200 100 0 1600 65514 1	70 27 10	160 154 157	59 68 77 240	127 124 124 124	127 0 48 20	155 0 0 1
//6AM
42 42 42	135 173 197	255 255 255	54 75 107	175 158 132	0 0 0	0 0 0	3.4 0.9 0.4 200 100 0 1600 65514 0.9	100 34 25	192 220 255	62 72 77 240	20 124 124 124	10 0 48 20	55 80 0 1
//7AM
55 55 55	135 173 197	255 255 255	139 177 231	187 218 242	0 0 0	0 0 0	2.5 0.8 0.7 80 80 0 1600 65514 0.8	120 40 40	204 239 255	107 117 122 240	10 124 124 124	10 0 48 20	155 80 0 1
//Midday
61 58 46	147 147 147	255 255 255	109 147 226	167 197 207	0 0 0	0 0 0	1 0.5 0.1 80 50 120 1600 65514 0.7	120 100 100	132 178 209	141 141 140 240	80 124 124 124	80 30 38 30	155 0 0 1
//7PM
55 55 55	135 173 193	255 255 255	81 115 149	255 227 194	0 0 0	0 0 0	3.5 1 0.5 80 50 0 1600 65514 0.9	120 40 40	206 229 237	116 135 144 240	10 124 124 124	10 10 46 22	55 130 0 1
//8PM
42 42 42	136 161 182	255 255 255	37 55 82	113 113 113	0 0 0	0 0 0	2 1 1 80 80 0 1600 65514 1	120 40 40	120 158 171	132 176 189 240	20 124 124 124	20 0 48 20	85 80 0 0
//10PM
14 14 14	105 112 118	255 255 255	11 19 25	13 13 13	0 0 0	0 0 0	1 1 1 200 100 0 1600 65514 1	70 27 10	86 86 86	161 176 189 240	127 124 124 124	127 0 48 20	55 80 0 0
//
//////////// RAINY_COUNTRYSIDE
//Amb			Amb_Obj	Dir			Sky top			Sky bot		SunCore		SunCorona	SunSz	SprSz	SprBght	Shdw	LightShd	PoleShd	FarClp	FogSt	LightOnGround	LowCloudsRGB	BottomCloudRGB	WaterRGBA			Alpha1	RGB1			Alpha2	RGB2		CloudAlpha		Illumination
//Midnight
38 73 94	74 74 74	255 255 255	4 13 21	1 3 5	0 0 0	0 0 0	1 1 0.5 200 100 0 1000 5 1.2	30 20 0	17 46 77	59 68 77 240	0 124 124 124	0 16 48 10	80 80 0 1
//5AM
42 42 42	135 173 197	255 255 255	30 80 134	23 63 106	0 0 0	0 0 0	0 1 0.7 200 100 0 1000 5 1	70 27 10	36 98 166	59 68 77 240	50 124 124 124	50 0 48 20	155 80 0 1
//6AM
42 42 42	135 173 197	255 255 255	83 107 128	55 106 157	0 0 0	0 0 0	3.4 0.9 0.6 200 100 0 1000 5 0.9	100 34 25	145 182 213	62 72 77 240	25 124 124 124	25 0 48 20	155 80 0 1
//7AM
55 55 55	135 173 197	255 255 255	83 107 128	55 106 157	0 0 0	0 0 0	2.5 1 0.6 80 80 0 1000 5 0.9	120 40 40	145 182 213	107 117 122 240	20 124 124 124	20 0 48 20	155 80 0 1
//Midday
69 69 69	186 186 186	255 255 255	78 92 99	74 74 74	0 0 0	0 0 0	1 0.9 0.6 80 50 120 1000 5 0.9	120 100 100	63 89 107	56 130 211 240	70 124 124 124	60 30 38 30	255 80 0 1
//7PM
55 55 55	135 173 193	255 255 255	83 107 128	49 92 119	0 0 0	0 0 0	3.5 1 0.5 80 50 0 1000 5 0.9	120 40 40	145 182 213	116 135 144 240	50 124 124 124	100 10 46 22	255 80 0 1
//8PM
42 42 42	167 198 223	255 255 255	49 92 119	49 92 119	0 0 0	0 0 0	2 1 0.7 80 80 0 1000 5 1	120 40 40	36 98 166	132 176 189 240	20 124 124 124	20 0 48 20	155 80 0 1
//10PM
35 35 35	167 198 223	255 255 255	10 27 46	3 9 14	0 0 0	0 0 0	1 1 1 200 100 0 1000 5 1	70 27 10	49 92 119	161 176 189 240	10 124 124 124	10 0 48 20	155 90 0 1
//
//////////// EXTRASUNNY_DESERT
//Amb			Amb_Obj	Dir			Sky top			Sky bot		SunCore		SunCorona	SunSz	SprSz	SprBght	Shdw	LightShd	PoleShd	FarClp	FogSt	LightOnGround	LowCloudsRGB	BottomCloudRGB	WaterRGBA			Alpha1	RGB1			Alpha2	RGB2		CloudAlpha		Illumination
//Midnight
9 9 9	91 91 91	255 255 255	0 1 7	2 4 7	255 135 6	255 255 0	1 0.9 0.6 200 100 0 2600 400 1.5	0 0 0	22 22 22	38 38 55 240	127 70 70 70	127 0 0 0	50 80 0 0
//5AM
47 47 47	149 149 149	255 255 255	23 29 47	125 117 85	255 255 0	255 255 0	3.8 0.7 0.6 200 255 0 3200 400 1.7	0 0 0	210 224 232	53 62 68 240	60 70 70 70	80 0 0 0	0 0 0 0
//6AM
42 42 42	188 188 188	255 255 255	65 91 155	200 144 85	255 128 0	255 255 0	6 0.8 0.5 200 100 100 3200 400 0.6	100 34 25	255 204 171	155 128 119 240	100 161 106 60	100 0 0 0	255 80 0 0
//7AM
65 65 65	150 171 188	255 255 255	114 145 198	255 219 187	255 150 13	104 77 39	8.4 1 0.5 0 0 0 3200 400 0	120 40 40	145 182 213	145 170 170 240	30 157 122 83	30 129 110 2	255 10 0 1
//Midday
85 105 141	189 203 230	255 255 255	102 135 191	149 181 240	255 255 255	68 43 20	8.1 1 0.5 180 0 150 3200 400 0.1	64 49 33	195 225 229	106 175 209 240	80 119 63 27	80 155 132 82	255 122 0 1
//7PM
65 65 65	189 182 159	255 255 255	103 143 177	246 182 129	255 150 13	40 22 0	8.4 1 0.3 100 50 75 3200 400 0.3	120 40 40	127 162 175	87 141 170 240	50 0 0 0	50 0 0 0	255 80 0 1
//8PM
12 12 12	187 186 183	255 255 255	21 53 80	219 166 122	255 150 13	55 128 0	8.4 1 0.5 100 50 75 2600 400 0.5	120 40 40	102 124 142	68 139 152 240	40 36 36 49	40 23 23 30	255 122 0 0
//10PM
17 17 17	163 163 163	255 255 255	0 2 7	18 18 34	255 135 6	5 0 0	1 0.6 0.5 200 100 0 2800 400 0.8	0 0 0	23 27 38	19 35 43 205	22 70 70 70	22 0 0 0	255 122 0 0
//
//////////// SUNNY_DESERT
//Amb			Amb_Obj	Dir			Sky top			Sky bot		SunCore		SunCorona	SunSz	SprSz	SprBght	Shdw	LightShd	PoleShd	FarClp	FogSt	LightOnGround	LowCloudsRGB	BottomCloudRGB	WaterRGBA			Alpha1	RGB1			Alpha2	RGB2		CloudAlpha		Illumination
//Midnight
17 17 17	132 132 132	255 255 255	1 1 7	1 3 7	255 135 6	5 0 0	1 0.4 0.4 200 100 0 3200 400 1.1	0 0 0	17 26 42	38 38 55 240	22 70 70 70	32 0 0 0	150 0 0 0
//5AM
39 39 39	138 138 138	255 255 255	1 10 25	31 51 78	255 128 0	255 0 0	1 0.7 0.5 200 100 0 3200 400 0.5	0 0 0	102 122 170	53 62 68 240	30 70 70 70	30 0 0 0	55 80 0 1
//6AM
42 42 42	188 188 188	255 255 255	50 84 136	200 144 88	255 128 0	255 128 0	0 0.8 0.4 200 100 0 3200 400 0.5	100 34 25	111 152 168	72 99 122 240	10 161 106 60	20 0 0 0	255 80 0 1
//7AM
55 55 55	220 180 153	255 255 255	108 156 224	197 214 255	255 150 13	55 128 0	8.4 1 0.5 100 50 75 3200 400 0.3	120 67 54	179 209 223	145 170 170 240	20 173 106 60	20 129 110 2	255 80 0 1
//Midday
57 78 113	207 223 251	255 255 255	93 126 180	143 179 206	255 255 255	147 123 0	7.1 1 0.5 195 0 0 3200 400 0.1	10 15 22	255 255 255	90 170 170 240	60 203 118 60	50 229 217 138	155 80 0 2
//7PM
55 55 55	174 151 134	255 255 255	108 134 178	255 205 137	255 93 0	255 232 0	8.4 1 0.3 100 50 75 3200 400 0.5	35 35 35	255 255 255	145 170 170 240	15 133 106 60	10 78 92 99	255 0 0 1
//8PM
42 42 42	163 151 143	255 255 255	83 110 165	255 159 96	255 150 13	155 0 0	2 0.4 0.4 100 60 0 3200 400 0.7	120 40 40	255 218 200	41 67 104 240	10 173 106 70	10 75 75 55	255 80 0 1
//10PM
13 13 13	143 131 123	255 255 255	0 2 12	0 12 21	255 135 6	5 0 0	1 0.4 0.4 200 100 0 3200 400 0.8	7 7 7	23 30 38	54 75 86 240	127 70 70 70	127 0 0 0	255 50 0 0
//
//////////// SANDSTORM_DESERT
//Amb			Amb_Obj	Dir			Sky top			Sky bot		SunCore		SunCorona	SunSz	SprSz	SprBght	Shdw	LightShd	PoleShd	FarClp	FogSt	LightOnGround	LowCloudsRGB	BottomCloudRGB	WaterRGBA			Alpha1	RGB1			Alpha2	RGB2		CloudAlpha		Illumination
//Midnight
14 14 14	142 165 181	255 255 255	7 8 10	20 20 20	0 0 0	0 0 0	1 1 0.5 200 100 0 1000 5 1	30 20 0	10 18 27	59 68 77 240	127 124 124 124	127 16 48 10	155 0 0 0
//5AM
42 42 42	135 173 197	255 255 255	10 10 10	20 20 20	0 0 0	0 0 0	0 1 0.6 200 100 0 1000 5 1	70 27 10	0 0 0	59 68 77 240	40 124 124 124	40 0 48 20	155 80 0 1
//6AM
42 42 42	135 173 197	255 255 255	73 97 116	184 172 126	0 0 0	0 0 0	3.4 0.9 0.4 200 100 0 2000 5 0.9	100 34 25	108 143 170	62 72 77 240	20 124 124 124	20 167 152 95	70 0 0 1
//7AM
55 55 55	118 107 65	255 255 255	92 114 131	167 152 95	0 0 0	0 0 0	2.5 0.7 0.4 80 80 0 1000 5 0.8	120 40 40	108 143 170	107 117 122 240	20 255 255 255	20 167 152 95	155 10 0 1
//Midday
87 86 76	197 190 164	255 255 255	125 135 149	171 157 117	0 0 0	0 0 0	2 0.5 0.1 80 50 120 1000 5 0.7	120 100 100	102 124 142	141 141 140 240	10 124 124 124	20 30 38 30	155 122 0 0
//7PM
55 55 55	171 182 193	255 255 255	101 112 126	188 145 111	0 0 0	0 0 0	3.5 1 0.5 80 50 0 1000 5 0.9	120 40 40	158 143 86	116 135 144 240	25 124 124 124	20 10 46 22	80 80 0 0
//8PM
7 7 7	140 165 186	255 255 255	68 74 84	71 84 91	0 0 0	0 0 0	2 1 1 80 80 0 1000 5 1	120 40 40	78 92 99	132 176 189 240	20 124 124 124	20 0 48 20	155 10 0 0
//10PM
35 35 35	167 198 223	255 255 255	40 40 40	50 50 50	0 0 0	0 0 0	1 1 1 200 100 0 1000 5 1	70 27 10	0 0 0	161 176 189 240	12 124 124 124	2 0 48 20	155 0 0 1
//
//////////// UNDERWATER
//Amb			Amb_Obj	Dir			Sky top			Sky bot		SunCore		SunCorona	SunSz	SprSz	SprBght	Shdw	LightShd	PoleShd	FarClp	FogSt	LightOnGround	LowCloudsRGB	BottomCloudRGB	WaterRGBA			Alpha1	RGB1			Alpha2	RGB2		CloudAlpha		Illumination
//Midnight
21 21 21	135 173 197	255 255 255	10 10 10	20 20 20	0 0 0	0 0 0	1 1 1 200 100 0 300 5 1	30 20 0	49 83 140	59 68 77 192	127 44 105 171	127 24 76 16	255 0 0 1
//5AM
21 21 21	135 173 197	255 255 255	10 10 10	20 20 20	0 0 0	0 0 0	0 1 1 200 100 0 300 5 1	70 27 10	49 83 140	59 68 77 192	127 94 141 95	127 0 70 20	255 0 0 1
//6AM
21 21 21	135 173 197	255 255 255	10 10 10	20 20 20	0 0 0	0 0 0	3.4 0.9 0.9 200 100 0 300 5 0.9	100 34 25	49 83 140	62 72 77 192	127 124 174 110	127 0 64 20	255 0 100 1
//7AM
21 21 21	135 173 197	255 255 255	40 40 40	50 50 50	0 0 0	0 0 0	2.5 0.7 0.8 80 80 0 300 5 0.8	120 40 40	49 83 140	107 117 122 192	127 124 153 104	127 0 48 20	255 0 0 1
//Midday
21 21 21	186 186 186	255 255 255	80 80 80	70 70 70	0 0 0	0 0 0	1 0.5 0.7 80 50 120 300 5 0.7	120 100 100	140 140 140	141 141 140 255	127 106 144 160	127 0 51 24	255 0 0 1
//7PM
21 21 21	135 173 193	255 255 255	80 80 80	70 70 70	0 0 0	0 0 0	3.5 1 1 80 50 0 300 5 0.9	120 40 40	49 83 140	116 135 144 192	127 85 139 117	127 10 46 22	255 0 0 1
//8PM
13 13 13	167 198 223	255 255 255	40 40 40	70 70 70	0 0 0	0 0 0	2 1 1 80 80 0 300 5 1	120 40 40	49 83 140	132 176 189 192	127 63 124 116	127 0 87 20	255 0 0 1
//10PM
21 21 21	167 198 223	255 255 255	40 40 40	50 50 50	0 0 0	0 0 0	1 1 1 200 100 0 300 5 1	70 27 10	49 83 140	161 176 189 192	127 91 110 124	127 0 85 20	255 0 0 1
//
//////////// EXTRACOLOURS_1
//Amb			Amb_Obj	Dir			Sky top			Sky bot		SunCore		SunCorona	SunSz	SprSz	SprBght	Shdw	LightShd	PoleShd	FarClp	FogSt	LightOnGround	LowCloudsRGB	BottomCloudRGB	WaterRGBA			Alpha1	RGB1			Alpha2	RGB2		CloudAlpha		Illumination
//Midnight
0 0 0	166 166 166	255 255 255	255 255 255	5 5 5	255 255 0	5 0 0	1 1 1 200 100 0 400 100 1	30 20 0	102 122 170	85 85 65 192	127 64 64 41	127 64 64 64	255 0 0 1
//5AM
0 0 0	121 122 122	255 255 255	1 1 1	5 5 5	255 255 0	5 0 0	1 0.4 1 200 100 0 400 100 1	30 20 0	102 122 170	65 85 65 147	127 64 64 43	127 73 69 64	255 0 0 1
//6AM
0 0 0	50 50 50	255 255 255	255 255 255	5 5 5	255 255 0	5 0 0	1 1 1 200 100 0 400 100 1	30 20 0	102 122 170	85 85 65 192	127 64 64 64	127 64 64 64	255 0 0 1
//7AM
0 0 0	180 180 180	255 255 255	1 1 1	5 5 5	255 255 0	5 0 0	1 1 1 200 100 0 400 100 1	30 20 0	102 122 170	85 85 65 192	127 64 64 46	127 65 64 64	255 0 0 1
//Midday
8 2 4	22 22 22	255 255 255	255 255 255	5 5 5	255 255 0	255 255 0	1 1 1 200 100 0 400 100 1	30 20 0	102 122 170	85 85 65 192	127 87 64 85	127 64 33 33	255 0 0 1
//7PM
7 9 2	54 55 55	255 255 255	255 255 255	5 5 5	255 255 0	5 0 0	1 1 1 200 100 0 400 100 1	30 20 0	102 122 170	85 85 65 192	127 44 64 87	127 99 99 99	255 0 0 1
//8PM
0 0 0	20 20 20	255 255 255	255 255 255	5 5 5	255 255 0	5 0 0	1 1 1 200 100 0 400 100 1	30 20 0	102 122 170	85 85 65 192	127 64 64 64	127 64 146 64	255 0 0 1
//10PM
0 0 0	20 20 20	255 255 255	255 255 255	5 5 5	255 255 0	5 0 0	1 0.4 0.5 200 100 0 400 100 1	30 20 0	102 122 170	85 85 65 192	127 64 64 64	127 96 92 64	255 0 0 1
//
//////////// EXTRACOLOURS_2
//Amb			Amb_Obj	Dir			Sky top			Sky bot		SunCore		SunCorona	SunSz	SprSz	SprBght	Shdw	LightShd	PoleShd	FarClp	FogSt	LightOnGround	LowCloudsRGB	BottomCloudRGB	WaterRGBA			Alpha1	RGB1			Alpha2	RGB2		CloudAlpha		Illumination
//Midnight
0 0 0	99 99 99	255 255 255	255 255 255	5 5 5	255 255 0	5 0 0	1 1 1 200 100 0 400 100 1	30 20 0	102 122 170	85 85 65 192	127 61 53 30	127 64 64 64	255 0 0 1
//5AM
30 30 30	20 20 20	255 255 255	255 255 255	5 5 5	255 255 0	5 0 0	1 1 1 200 100 0 400 100 1	30 20 0	102 122 170	85 85 65 192	127 64 64 64	127 64 73 80	255 0 0 1
//6AM
0 0 0	20 20 20	255 255 255	255 255 255	50 5 50	255 255 0	5 0 0	1 1 1 200 100 0 78 50 1	30 20 0	102 122 170	85 85 65 192	127 64 16 64	127 64 64 64	255 0 0 1
//7AM
0 0 0	133 133 133	255 255 255	255 255 255	0 0 0	255 255 128	5 0 0	1 1 1 200 0 0 400 100 1	30 20 0	102 122 170	85 85 65 192	127 64 64 64	127 64 64 64	255 0 0 1
//Midday
0 0 0	0 0 0	255 255 255	255 255 255	0 0 0	255 255 0	255 255 0	1 1 1 200 0 0 400 100 1	30 20 0	102 122 170	85 85 65 192	127 44 44 44	127 33 64 64	234 0 0 1
//7PM
0 0 0	20 20 20	255 255 255	255 255 255	5 5 5	255 255 0	5 0 0	1 1 1 200 100 0 400 100 1	30 20 0	102 122 170	85 85 65 192	127 64 64 64	127 64 146 64	255 0 0 1
//8PM
0 0 0	50 50 50	255 255 255	255 255 255	5 5 5	255 255 0	5 0 0	1 1 1 200 100 0 400 100 1	30 20 0	102 122 170	85 85 65 192	127 64 64 64	127 64 64 64	255 0 0 1
//10PM
0 0 0	190 180 180	255 255 255	1 1 1	5 5 5	255 255 0	5 0 0	1 1 1 200 100 0 400 100 1	30 20 0	102 122 170	85 85 65 192	127 64 64 64	127 64 64 40	220 0 0 1
//
